-0.267499 0.359830 0.250694 -0.105430 0.048650 0.137357 -0.071651 0.335153 -0.401363 -0.192606
-0.193153 -0.553024 0.177207 -0.587552 0.425967 0.110959 0.245315 -0.995168 0.490854 0.391444
-0.504964 -0.105367 0.611832 0.595449 -0.109975 0.090286 0.064012 -0.615497 -0.305228 -0.008760
0.272792 0.811498 -0.616827 0.306200 -0.672826 0.456767 0.549570 -0.048473 -0.772514 0.237703
-0.954555 0.582531 -0.355742 0.412831 0.019551 0.100861 -0.149503 -0.078614 0.295843 0.251597
0.489869 -0.429957 -1.068681 -0.429612 0.522784 0.590478 0.502307 -0.134055 0.072393 0.279050
-1.013707 -0.360247 0.490847 -0.122597 -0.595534 0.526438 -0.691401 0.596687 -0.160660 -0.562964
-0.811291 -0.739085 -0.345079 -0.195873 0.544551 0.060392 -0.808551 0.591582 0.161103 -0.095963
0.365070 -0.415556 0.380124 -0.166895 -0.782426 -0.561870 -0.287671 0.498621 0.213000 0.578995
0.439735 -0.768206 -0.618130 0.081409 0.328698 0.091322 0.593112 0.536141 -0.069270 0.179922
0.478368 -0.031395 -0.242406 0.414805 0.317988 -0.643419 -0.605436 -0.239140 -0.044318 -0.082123
-0.265615 0.567800 0.619294 -0.405453 0.038581 -0.598965 0.594454 0.407094 0.294514 -1.009357
0.333120 0.307997 -0.935224 0.150195 0.360542 -0.818146 -0.295226 -0.090969 -0.039718 0.314082
0.531602 -0.195753 -0.351959 -0.272957 -0.935433 0.373688 -0.148450 -1.128136 0.105647 -0.786971
0.162668 -0.378051 0.331183 0.325702 -1.070729 0.278585 -1.174018 0.075988 -0.234239 -0.270538
-0.384209 0.441469 -0.639851 -0.731259 -0.077179 0.539272 -0.452982 0.158103 -0.665143 0.394313
0.314720 -1.016658 0.699598 -0.399074 0.236914 0.171367 0.470875 0.345702 -0.418297 0.076090
